  -50   31  -21   39    7   44  -26  -40  -43   19   16  -22  -21  -38   50   11   37  -42  -23  -23  -95
  -21  -25    7  -47  -13   24   23   34   -1  -25    3  -22  -32  -11   24   43   50   33   39   31  114
   22  -23  -11   23   24  -38  -19   13   16   44   22   19  -15  -39   41  -18  -20  -45  -12  -27  -43
  -15  -32  -39    9  -22  -26   49  -27    8  -34  -30   32  -12  -21   -4  -50   20  -26   15    7 -198
   10   -1   35   11  -47    5    7   43   15  -40  -43   36   19  -15    8   -7  -49  -33  -22   18  -50
   38   34    1    7  -27  -50  -45   -9   -7  -35   33  -16  -50   29   37  -26  -34   35  -38   44  -79
  -30   46   -2   25    7   41  -19   -4  -41   45   -5  -27  -39   45   43  -44  -12  -49  -30    8  -42
  -16   31   35   -6   40  -36   38    6  -19   24  -22  -47   -9   40   18   25  -25  -49  -20  -34  -26
   -6   34  -24  -10   16  -33  -16  -10  -44   27   15  -50   -6    9  -34  -26   16  -13  -20   -9 -184
   -2  -16   12  -40   21    8   23   27  -46  -45   20  -44  -46  -36   38  -27   34   26    4   45  -44
    1  -50   12   12  -32   17  -20  -22  -46  -35  -13   27    1   35   33  -20    6  -48    9  -16 -149
   40   30  -23   26    5   18    3  -25  -16  -46   50  -37    2   39  -30   35   -3  -46  -16    1    7
   41   25   -5  -10  -41  -23  -36  -10   41   44   15   25  -15  -40  -14  -27  -11   31   36  -25    1
   41    3  -44   30   -8   -6   29   19   35   44   13  -33  -13  -22  -22  -35   16    9   20    0   76
    2   43  -10  -31   -9   22  -40  -28  -49   46  -10    2  -15   31   37  -24   43   32  -39   19   22
   24  -47   23   -1   -3  -12  -37  -44  -34   34  -10   43  -27  -14   15   32  -45    1  -17  -46 -165
   -5  -21    5   25   -7  -22   -5  -50  -26  -42   17   45  -19  -24   21   37   13   44  -40   20  -34
  -20   24   48   49    0  -46    7  -49   42  -30   42   27  -30  -12   -7    5   37   28   -7  -18   90
  -30  -22   16   46  -18  -20  -19  -19  -29   30  -36   37   11   31   42   32   -3   27   -3  -27   46
    6   34    9  -12   40   -9  -33   20  -50    2   37  -32  -40  -34  -11  -39  -46   32   50   12  -64
  -18  -10  -10   35  -13  -35  -31    0   41   37  -29  -22   46   21  -16  -43   49    4  -29   27    4
   -3   47  -10   -5   45   14  -22  -35  -35  -49   35   48   10   -1  -44   45    3   24   40  -46   61
    4  -42    1   43   13  -26  -27   22   43   15    5  -36   -2  -46   12   49  -30  -42  -24   39  -29
    2  -27   36    5  -46    9  -45  -18  -16  -30   28  -46   27    4   10  -50  -27   -4    9   35 -144
   46  -23  -34  -50   -8  -50  -38   43  -40   34    7   10  -21   42   -7  -37   41   32   46  -18  -25
   42   42   -3  -46    0  -28   18  -22   37   -5   -2   32   42  -40    2  -11   25   26   22   26  157
  -48   11   22   -3  -36    3    8  -12   19   47  -15  -22   46   43   42   -4  -23  -12   -4  -24   38
  -13  -18  -46    4   49  -34  -34   30  -37   26  -21  -24  -18  -49  -22  -35   -7   41  -37  -13 -258
   26   26  -11  -20   21   38   14    5   19   10  -25  -44  -50   10  -45   13   -5  -36  -13  -45 -112
   26   17  -16  -32    9    2  -27    6  -40   -1   17    0   -1  -21  -46   33   28   -2   47   28   27
   43  -18   23   11   34    2  -27  -28   14   42  -20  -12  -24   42   43   21   21  -27   47  -41  146
  -47  -37  -21   30  -26   13   44   -9  -49   25    6   31  -48    5   -4  -21  -17   42   17   39  -27
  -47  -41  -40   -7  -31   11  -15   33   48  -28  -12  -19  -30    6   -9  -22   44   26  -13  -28 -174
    0    0   38   47  -46  -28  -49   14   22   18    3  -33   20   15  -30  -13   12   -8  -20   34   -4
   25   -8  -17   43   14  -25   12  -12   19  -41  -25    5   24  -33  -17    3  -28   11  -47   31  -66
  -33   40   47   49  -27  -28  -10   16  -37   18   47    4  -40   17   43   20    4  -34   37   49  182
   -2  -15  -24   27   27   43  -22   31   -9  -29   14  -50   44   31   38   -7   38  -22  -50   -1   62
   39   40   29   42   -5   26    8    4  -36   32   38  -27   38   18   -2  -14  -23   -8   -4  -13  182
   39  -39   36   12    0   12    4   -8  -16  -47  -33  -19  -30   17   19   -3    0   -7  -16  -42 -121
  -11   -9   -2  -40   10  -20   -3   43  -37   23  -48  -49  -11  -46  -47   47   40   20  -46  -41 -227
  -24   17   37  -36   -9    7   32  -22   50   32   15    6    8   48   21   45  -26   37  -24   50  264
   12  -46  -43  -17  -26    3  -20  -32  -35   -5    3    9   26  -28   23   27   23    2  -23   22 -125
   19   37  -29  -12   11  -43  -40   46   39  -47   28   28   23  -47  -13   -3   18   40  -46   39   48
  -38   -8  -37   -9   -5  -12   12  -31   10   30  -43   37   28   -3   24  -26   45    1  -17  -28  -70
   12  -42   49   41  -36  -46   -5  -27  -26   46  -48    4  -17   37   -1  -50   28   30   -6  -38  -95
   41  -48   23  -50  -13   14    8   44    9  -24  -38   -4   37   -2   49   32   49    8  -46  -50   39
    6  -40   -8  -12   -2  -49   30   -8   30    1   45    5  -22  -23  -37   -5   -9  -28  -31  -22 -179
   50   16    3  -19  -15   42   20   43  -39  -49   -3   17  -48  -21   28   24   40   39   -2   47  173
  -40  -11   17  -24    0   29    3   -4  -47  -43  -43  -25   38   -1  -26    5   36  -27   15  -50 -198
  -45   17   30   40   -5    2    9   15   22   31   37    7   42   16   28   15  -16  -18  -22   37  242
  -47   40    4  -36   -5    2  -40  -14  -48  -19   -9   47   23  -19   45   47   31   46   -9    2   41
  -20   36  -28   50  -22  -40  -38  -25  -34    5   39    6   -8   -7  -41  -25   18  -43  -22   44 -155
   38   13  -42  -24  -23   32  -40  -28  -15  -23    1  -39  -29    3  -39   40   17   -1   14  -46 -191
  -21  -16   14    5  -23  -23   15    6  -33    1  -37   19   -2  -38   35  -22  -32   47  -23   24 -104
   21   30    0  -19  -24  -11   12   10   30  -16   26  -11   32  -19  -24   34  -11  -13  -50   -5   -8
  -40   23   24  -34  -28   -1    0   14   38    3   39    8   50   -8   -4  -39   35    9   41   -1  129
  -50   39   22  -38   32    2    5  -29   22   29   20   32   21   18  -33  -47  -14  -32  -50   36  -15
   22   10   -9   -5    1   47   38   20   11   25    0    0  -20   25  -44    4  -32  -50   34    6   83
    1  -13  -32  -11   34   21  -13  -12   10   15    4   30   10   25   19   16   35  -41   25   -4  119
   12   31  -24  -21   39  -38  -23   20   -9  -34  -12   17   15  -44   -1  -32  -27   -5   44  -12 -104
   26   -9  -33  -45  -43  -24   30    4   41   47   13   45   -1  -33  -10  -26   41  -15   16   -6   18
   41  -13   25   30  -41  -43   -5   26   -3   13   47   36   39   15  -33   19   -7   37    5   49  237
    3    6  -29   -5    7  -23   12    2   36  -12   27  -45  -47  -46    6    4   -8   35   28  -39  -88
   -1   20   14  -32  -49  -22   19   49    9   37  -43    9   -3  -46   38    5  -22  -42  -50  -42 -152
  -14  -29   45  -13  -23  -13   28   46   43   27    3  -12   35   37  -28  -30   42   -8  -17   31  150
   19   16   -9    1   18   -4  -49   17   31   49  -47   21  -46  -48   19  -38   30   22  -34   12  -20
  -11  -38    1   -4   13   37  -24   23  -32  -13   11  -13   10   31  -12   -1   16   42  -32  -31  -27
    3  -41  -37  -27    9  -28  -25  -47    1   -2    9    8   43   31   37   -9    0   13   42    6  -14
    1   -7  -36   26  -33    7   14   25   18   50   -1  -20   17   46  -16   49  -49   12  -15   45  133
  -46  -11   40   34   49   31  -26  -23  -50  -48  -16  -47   21  -46   10  -22  -42   34   10   47 -101
  -41   -5   28   26  -46  -43   38   13   29    1  -36   -5  -38  -21   14   40  -10   39   33    6   22
    6  -29    7  -31  -24  -10   43   42   46   39  -46  -29    9  -17  -33   21   32  -36    1   42   33
  -26  -23  -18   39   32  -39  -43   27   30  -27   39  -48  -49    3   -7  -21   41   -7   11   48  -38
   17   -6   -3   -1   40   48   40   19   -5  -14   -9  -44   42   31    3  -31    1    8   22  -48  110
   39   14   11   -6  -22  -30   33   33   36  -17  -30   -9  -15    1   -7   13    5   11   27   35  122
  -39   17  -47  -40   -3  -26   40   44  -46   20  -16  -15  -34   23   28   10  -18  -18   29    6  -85
   -2   32  -39    6  -36   36   20  -20  -20   16  -20  -27    9   14   17  -43   17   22  -27   36   -9
   18   -8  -10   42   41   50   20   34   36   40  -47    8  -33  -13  -31   35  -45   33  -38    9  141
  -50  -42  -13  -18    2   14  -34   20  -24  -13  -42   -2   46  -15  -47   -3   20   -8  -41  -42 -292
   45   36  -38   -3    6  -27   19   50   19  -48   49   22   47  -20   21   -8   40  -38  -21   44  195
  -35  -13   31   -6   11   -7   28  -34  -10    4   38    5   24   26  -45  -49   34   28  -36    7    1
  -21  -48  -34  -49    0  -26  -29   34   20  -40  -15  -50  -25   32   20  -32   33  -23   -1    2 -252
   14    4   31   18   32    9   19  -14   28  -12   16  -14   17   17    9  -50   -2   35   40   49  246
   15  -40   -4   27   39  -19  -18  -11    0  -32   32   50   46   50   29   43  -30  -48  -43  -47   39
   48   17  -12    0  -40  -44  -21  -14    5   42  -31   38  -13  -28  -44  -10  -34   21  -33  -22 -175
  -49   24   10   21    3   22   33    7  -11   44  -24   26    0   40   10   28  -13  -34   -4  -39   94
  -48   33  -35   41   14  -18    6  -22   10   35   20   11   -6   -6  -16    9   11   46   -4  -12   69
   23   17   21  -15  -43   -3    5   29   29   24  -44  -30   22  -42  -15  -25    4   26   -6  -41  -64
  -29   46    2   27  -32   20    5  -49   -6   28   -4  -40   47   42   -8   50  -23  -47   -1  -15   13
  -22  -47   16   21  -27  -44  -12  -47   44  -44   11   -2  -10  -34   29  -23   -5   -9   42  -39 -202
   19   30    6    0    9   -2   29  -25   25   49  -24  -18   16   11  -14    5   12   29   15   27  199
  -49   43  -28  -30  -18  -32   24  -13   -8  -26  -42   10   10  -31  -35    6  -10  -24   36   34 -183
   -2    5   -4  -16   34   27  -20   21   23    2   49   11    9   18  -49   -9  -20   18   41   25  163
  -46   21  -20  -23   19    6   50   45    0   50  -36   47    2   39   -1   10   18  -30  -48  -12   91
   27   -2   34  -35  -14    1  -49   39   -1  -34   36   24  -41   -3   30   46  -46  -26  -38   38  -14
   17    2  -32  -18  -16  -13   25   34   21  -31  -21  -37   -9   48  -41  -17   -4  -37   -5  -46 -180
  -17   21  -44  -14  -10    6  -12  -48    1    8  -17   14   14   49   -9   25  -14   20   -1   24   -4
  -30   -5  -17   11  -18  -35  -15  -43   46  -23    4   -4  -36    0   35   20   41  -18   11    2  -74
   46  -24   19  -16  -41   36   11  -12  -15   -9  -34    6   20    7   -5  -13   25   -8   50   10   53
   24  -35   -6   38    6   11   24  -21   27   15   44  -27   47   20  -47    7  -46   41   -2  -10  110
  -42  -41   15   38   13   31   -6   24  -26    2   42   23   43   26  -15  -14  -11   13    4  -10  109
  -26   -3   -5   27   38   19    6   28   35  -17  -25   26  -33   -1    6    1   31   48  -38  -34   83
    4    4  -25   39    1  -30  -25  -41   30  -15   13   19  -26  -16   46   44    4   22   32    4   84
  -39    2   -8   12   48   16   43  -30   25    4   43   27  -41   -2   11  -23    7   18  -26  -34   53
    2  -22   48   50   35  -26   16   25    6  -10  -48   23  -26    1  -26  -47   -4   45   27   -4   65
   20    9   35   46   -9   33  -33   42    4  -34    0  -21   42   33   17  -50    6    7   26   22  195
    5   -6    4   38  -35   -2  -18   38   26   46  -28  -34  -18  -17    7   38  -31   29   14  -28   28
  -47   49   -4  -18   -9  -39   50    8   -4    5  -43  -31  -48  -47  -34  -20   32   -5  -45  -13 -263
    9  -42   36  -11   -2  -25   37  -19  -28  -50    4   34  -23    5  -19   10   48   11   30   -7   -2
   44   11  -48   11   10   13  -30   36   28  -46  -21   24   -6  -39  -42   22  -46  -32  -17   -9 -137
  -45  -14  -47  -47  -18  -37   40  -13  -17   32  -48   15   -1  -45   22   43   41   33   19  -14 -101
  -29   12  -10   -3   37  -15   -3   33  -29    4   10   11  -16  -36  -29   49   29   41  -23   24   57
  -48   -8  -48   39   41   19  -40  -30    8   31  -35   44   49   -9  -31  -50  -40   38   25   10  -35
   24  -21  -40  -32   13   18  -22   -5   39   16   39    7    4   17   36   36  -34  -46    1   41   91
   14   42   35   29    0  -34   12  -40   22  -44  -27  -20  -29  -11   39  -16    4  -41  -46  -44 -155
  -13   17   48  -22  -40  -19   30   46   33    1    0  -35  -27   44  -39  -18  -12   15   41    1   51
  -28   -1  -45    5    9  -26   48   50  -21   26   45  -42    5   45  -47  -21   18  -14  -39  -26  -59
  -32    6    1  -29   -7   16   31   40  -45  -15   17  -30   33  -18  -41   50   -6   44   47   45  107
  -14   42   48  -12   -4    6   -5  -22  -14   -2   31  -44   -4  -37  -11    5   15   16   39   17   50
   43   39   22  -46   30   21   -7    7   -1   18  -30   33  -11   44  -27   10  -43    7  -27  -33   49
