  24  34 -25 -11 -26  49  13 -29   1  49  -2 -15 -36  46 -43   9  22  -4  48  39 143
 -24  21   6  33  48  36  31  27 -23 -34  35  48 -16  49  -3   1 -48 -28 -27  20 152
  21  13  41 -12  -6 -29 -18 -46 -26 -42 -35  -1  -6  31  28  13  38  -1 -23  46 -14
  28  32 -44  -7  -3   8  27  29  42  34  12 -45  46  21 -46 -32  34  30 -20  15 161
 -11  30  21  33 -38 -10  44 -18  38 -30  -8   7 -28  19 -22  21  10  46  22  10 136
  44   9  -8 -32 -47 -45  46 -18  29   0   5  35  -3  20 -12 -21  46 -16 -35   7   4
  50 -11  38   9  34  17 -42  19   0 -10  31   1 -36  34 -22  12 -21 -28   6   0  81
  -9  20  -3  43  20   1  -9 -19 -36  47   8  34  44  40  10 -25 -33  -6  10 -10 127
 -40  -3 -12 -42  43  43 -46  32 -37 -10  13 -47 -18  25  14  43 -21 -40  20  40 -43
 -13 -24   3 -22  -9 -28 -23  30 -25  25 -30  37 -45 -45 -23 -15 -14  39 -11  44-149
 -44  44 -26 -17  28 -34 -20 -24  -6  38 -14 -38 -50 -42  18 -42  10  50  12 -21-178
  39  28  20  33  46  16 -28  18  48 -46  -3 -11  -9  -1 -15  44  21  28 -10  40 258
 -48  -7  48  13  45 -25 -32  15  11 -33 -24  43   6  31 -50  13   0  45  12  22  85
  23  47  32 -27   7 -14 -30  34 -44 -16  28   0  35 -10 -16  34  47   7  18 -16 139
  19  13  -8  13 -31  31  31 -50  46  26 -11   6  40  47  45 -30  28   0  -7 -40 168
 -13  11  33 -26  18  44  48 -16  28 -42 -38 -32 -24  19 -49 -28 -20  13  47  -1 -28
  49   8   7 -15 -35  32  10 -42 -10  20  -8 -15  -4   4  -1 -43 -36 -46  -8 -49-182
 -31   3  47 -34  -7 -42  25  42 -46  11 -42   6  -1  38 -11 -40  17  19 -34 -26-106
  28  17 -16  10   4 -37 -24  49  44  47 -30 -40  31  -1  14  -5  11 -39  -3  32  92
  14  -8  38 -50  38 -41  38   3  46  -2  26 -47 -13  38  30 -10 -10  -3 -30  19  76
 -20 -10   8  38  25  33 -23   3 -11  16  36 -33  45  26 -10 -49   3 -48   4 -41  -8
 -27 -36 -22  39 -46  24  29  50  34  32  -1 -13 -14  45 -34 -48 -15  37   4 -11  27
  30  -3  42  32  36  33   4  21  47  33  22 -18  -8   8   7 -45  -5 -18  20 -35 203
 -40  30 -37  11 -20   9  23  24 -44 -50  18  37  41 -26  32   3 -10 -14 -10  20  -3
  33 -36  42  -1 -44 -47   5 -39   1  47  21  -9   6 -19   5 -26  -7  23 -29  32 -42
 -22 -21  40  26 -37  23   6 -14   0  35  33 -34  35 -34  34  -5   3  23 -23  30  98
 -29  -3  -4 -18  22 -11   1   0  38 -41   4 -12   7 -11   2 -43  23 -45  -9 -42-171
 -42 -27  30 -14  18  39  -3 -20 -30  42  12  -3  46 -26  24  28 -11 -20   3   0  46
  35 -42  28 -16   1  -5  16  46  -7 -25   1  48 -17 -20   4 -36  44  -3 -43  28  37
 -38 -33   5 -28 -24  46 -47  32  16 -11 -40 -19  23 -32 -47  18 -23  23 -29 -22-230
  10  46  23 -37  -8 -23 -43   2 -44 -10   4 -46 -44 -21   6 -27  36 -25  25  20-156
  16  -9  -8  13 -34  32  31  43 -15  29  28  15 -18  37 -16 -47 -13 -40 -50 -37 -43
  11  18  -6 -16   7  34  -7  24 -28  35 -27  -3   7  12  50  31   5 -34  11  28 152
 -12 -28 -27  23  -8 -39  21  46 -46  -2  31   5   1  12   9   6  16  26 -39 -22 -27
 -14 -29   1 -10 -47  -3 -27   8  33  48  -4 -49 -46 -42   8  -3 -45  26  16  30-149
  31  17  29  48 -50   5 -28  -1 -47 -12   1  24  30   8  15  -3  12 -19  -6  18  72
  33   8  -1  35 -46 -31 -45   7  34  24 -46  14 -11  16  37  -3  26  14 -50  16  31
  50  24  45  34  43 -13 -26  46 -32 -12 -21  34  15  -2 -18 -31  39  16 -35   1 157
 -21 -34  -1 -33 -21  17 -24  -1  26  23  -6 -38  24  -1 -27  38  14 -41  -4 -48-158
  41  11  -3   8  44 -22 -41  25  -5  -6  -9  31   8 -21  27  -2  48 -10 -39  14  99
 -12   6 -16  -2  38   7 -24 -10 -46  32  45 -26  26 -34   6  -6  30  -5  29 -15  23
  -9 -31  10  31 -26 -50  14  10   3   6   1  -5 -26 -21 -23 -34 -34   1 -48 -35-266
   0 -20  22   9  12   0   8  17 -50  10  20  33 -10  14   3  18 -33 -50  11  17  31
  14 -47   4 -29  26  35  22 -24 -36 -42  45 -15  50 -23 -13 -18   2 -46   6 -39-128
  45 -50   9  -9  39  11   9   1 -45  17  37  45  10 -34  18  22  46 -19  30  32 214
   7  40  28 -20 -38  33  35   3  32  44 -37  45   1  -2  39   5  34   4 -46   0 207
 -33 -27  26 -37 -32   3  49  33   3 -37 -14   1  -8 -23  11 -45 -46 -47 -49  47-225
  36  39  41  22 -32  -6 -35 -31  46 -11  41 -12 -40  41  -5 -33  39  29   8  36 173
 -42 -28 -23 -37 -32  36  32 -31 -28 -36  20 -50  -8 -16 -36  -2  14 -42 -11  12-308
 -38 -47  44  45 -20  43   9 -26 -20  43  50  11 -22  50 -35   6 -25 -43  15   9  49
 -33  10   8  21   2  34  31 -36  17  11  45  19  31  39  15  27  15 -33 -31  10 202
 -10   0 -23  31 -27 -15 -17  32  16  42   5   7  -5   3 -20 -17  27 -42  22 -46 -37
 -26 -13  25 -36 -11 -45 -27  44 -13  27 -26  16 -41 -16 -39  39 -12 -41  26  12-157
 -22 -11  -2  41   1  45 -27  49   8 -19 -26  24  36  -8  44  24 -17 -28  -7  13 118
 -28 -40 -34  22  40 -42 -36  19 -21  -5  30  40  15  17 -12  48   6 -30   5   5  -1
 -32 -37 -23 -34  34 -26 -14  36  -5  10   0  36  10  -1  39  17 -22 -19  27  15  11
 -39  47 -14 -41  -6 -42 -37  23   6  -4 -48 -10  36  35 -16 -31 -17 -20  -4 -43-225
 -48   5 -43 -45 -13  13 -37 -12 -10 -50 -23  25  -8  38 -33 -28 -44 -46  49  31-279
  28 -41   6   8 -42  28  18  50  36 -48  18  -5 -39  10  -1  32  47 -31  42 -21  95
 -46  39 -17 -24  32 -25  28  -3  29 -15  43  26  38  16  10 -48  41 -30 -33   8  69
  -2 -12 -47  -6   8  45   6  41  24 -41   1 -21 -40  43  29 -14  36  -7  33 -15  61
   0  12 -43 -37  26  44  34 -25  47 -37   5  27  39 -15 -13 -16 -44 -29  39  37  51
  48  47  20  21 -32  43 -36  10 -12   4 -39 -38  -4 -35  -3 -48  44 -30  39  33  32
  44 -15  25 -37  45  -2 -29  -3  21  -2  18  38 -50  46 -29  -2  15   8 -11  15  95
  15  39  30  13 -33  -8 -22  38 -34 -30  -8  49  25  16  41  -1 -24  50  20  26 202
 -46  26 -16  11 -32   6 -44  13  22  18  -9 -45  12 -20 -11  48  12  23  42  -9   1
  13  44  16  29   9  -1 -20 -26 -20 -10 -42  -1   0  31  36  38  50  13  29  40 228
 -41  12  -5   9 -10 -37 -37 -16 -14   1  12   8 -42  -7 -20 -22  43 -14 -22   0-202
   1 -15  10  17  18 -18 -41  35 -38  18 -17 -19 -41   3  37 -34 -13 -35   8 -42-166
  18 -13  22  33  -8 -21 -25  39 -44  32   6 -50  34  17  42  32 -14  32  -7  34 159
  11  -3 -29 -47  -9  28  18 -47 -48 -10  -4  -9 -23   5  29 -42 -47 -17 -29   2-271
 -27  25  33  38 -23 -23 -37  23 -39  32  28  46  -9   1  27  31  -7  -5  16 -29 101
 -48 -28   6  38 -19  47 -17  -8  12  -1 -12 -29   8 -49 -37  20  10  -6 -44  16-141
  47   0   6  16  14  11 -18  33 -42  10 -45 -25  45  13  33 -35 -39 -11  12  19  44
 -41 -47  31 -15 -43  -6  -2  47   9 -37 -10  11 -34 -45 -38  25 -23   6 -37 -35-284
  24 -42 -50   9  32 -22  -2  12 -10  -7   8  -8 -33  14 -44  13  19   7 -46  -1-127
 -16   1 -36 -40 -36  -5   4   5  35  11  48 -23  -6  31 -49 -33  34 -17 -25  32 -85
 -25  -6  21  29 -24  15  25  16 -12 -49 -25   1  35 -32   9  47  41 -26 -42 -31 -33
 -26   4 -15 -12 -20  17 -13 -13 -18  36 -25 -49 -42   7   3 -31  49  -2  -1 -22-173
  -1  20 -39  48 -25 -18  11 -43 -23 -45 -22 -45  12  43 -13 -49  37  49  -3 -34-140
  14   7 -20   1  41   9 -49   0  39   5 -11  -7  -7  32 -41  34  19 -41  23  23  71
  17 -50  37  20   4  30 -14 -33   7 -25 -27 -22  22  19  -1  26  25  25  50  11 121
   9 -46  32  17 -34 -38 -37 -36 -39  36 -32  -7 -49  44  35 -28  23   6  26 -19-137
 -42   7  29 -16   7  44   7  11  18  -2 -10 -39   9  39 -47 -47  19  31  26 -47  -3
 -13   5 -41 -38 -12  -1  -4  25 -12 -35 -42 -41   4 -32  41 -14   2  -5 -26  42-197
  23   7  16 -35  27  32 -34  45 -29  41  16  12 -33  27   7 -39  35 -18 -41  29  88
 -40  37 -37 -23  36  47 -40 -20  11 -47  40   9  17  14 -39 -17  12  24  27  24  35
  32 -23 -49 -19  15 -50 -19 -23  22  10  22   3 -39 -42  -1  33   6  39  -5  40 -48
  36   6  42 -16 -42  -7  41  30  41  38   5  44  47   7 -27 -47  30 -17 -11  -3 197
 -18  39 -50 -16   6  -9 -10 -40   7  32 -34 -24  11 -20  10 -46 -50   7  50  -8-163
 -38  -2   3  -3 -45  -3   4 -50  32  -1  27   0  30  14 -31  25 -19 -17  29  19 -26
 -12 -38 -27  21  12  47  33 -49  -5  22 -23  -7  38   2   6 -31   0 -32  14 -42 -71
  -2  45 -16  30 -35 -25 -29 -40  25 -10 -16  18  42  -5  -7  26 -10 -49 -38 -17-113
 -10  26   8 -12 -21  38 -47  18   3 -33 -27  -9  30   9  42 -50 -33  35 -37  33 -37
   8  10 -37 -45  31 -50   7 -19 -48  49 -38 -30   9 -22  31  40 -46  -9  25 -42-176
